{
  "0": {
    "mandant": "atletico_mg",
    "visitant": "vitoria",
    "score": [
      2,
      1
    ],
    "date": "22/04/2018",
    "prob_matrix": [
      [
        3.0197383422318502,
        4.529607513347775,
        3.397205635010832,
        1.698602817505416,
        0.6369760565645309,
        0.19109281696935929
      ],
      [
        6.0394766844637005,
        9.05921502669555,
        6.794411270021664,
        3.397205635010832,
        1.2739521131290619,
        0.38218563393871857
      ],
      [
        6.0394766844637005,
        9.05921502669555,
        6.794411270021664,
        3.397205635010832,
        1.2739521131290619,
        0.38218563393871857
      ],
      [
        4.026317789642468,
        6.0394766844637005,
        4.529607513347775,
        2.2648037566738877,
        0.849301408752708,
        0.2547904226258124
      ],
      [
        2.013158894821234,
        3.0197383422318502,
        2.2648037566738877,
        1.1324018783369438,
        0.424650704376354,
        0.1273952113129062
      ],
      [
        0.8052635579284935,
        1.20789533689274,
        0.9059215026695551,
        0.45296075133477753,
        0.16986028175054158,
        0.050958084525162484
      ]
    ],
    "predictions": [
      47.70557468571691,
      21.61377718452447,
      28.58606991626823
    ],
    "winner": "mandant",
    "prob_winner": "mandant",
    "result": "1"
  },
  "1": {
    "mandant": "bahia",
    "visitant": "santos",
    "score": [
      1,
      0
    ],
    "date": "21/04/2018",
    "prob_matrix": [
      [
        22.313016014842983,
        11.156508007421492,
        2.789127001855373,
        0.4648545003092288,
        0.0581068125386536,
        0.005810681253865361
      ],
      [
        22.313016014842983,
        11.156508007421492,
        2.789127001855373,
        0.4648545003092288,
        0.0581068125386536,
        0.005810681253865361
      ],
      [
        11.156508007421492,
        5.578254003710746,
        1.3945635009276864,
        0.2324272501546144,
        0.0290534062693268,
        0.0029053406269326804
      ],
      [
        3.7188360024738305,
        1.8594180012369153,
        0.4648545003092288,
        0.07747575005153813,
        0.009684468756442266,
        0.0009684468756442268
      ],
      [
        0.9297090006184576,
        0.4648545003092288,
        0.1162136250773072,
        0.019368937512884533,
        0.0024211171891105666,
        0.0002421117189110567
      ],
      [
        0.18594180012369155,
        0.09297090006184577,
        0.023242725015461443,
        0.0038737875025769072,
        0.0004842234378221134,
        4.842234378221134e-05
      ]
    ],
    "predictions": [
      46.92754602965448,
      34.94403281277659,
      18.067587023737605
    ],
    "winner": "mandant",
    "prob_winner": "mandant",
    "result": "1"
  },
  "2": {
    "mandant": "ceara",
    "visitant": "sao_paulo",
    "score": [
      0,
      0
    ],
    "date": "22/04/2018",
    "prob_matrix": [
      [
        100.0,
        0.0,
        0.0,
        0.0,
        0.0,
        0.0
      ],
      [
        0.0,
        0.0,
        0.0,
        0.0,
        0.0,
        0.0
      ],
      [
        0.0,
        0.0,
        0.0,
        0.0,
        0.0,
        0.0
      ],
      [
        0.0,
        0.0,
        0.0,
        0.0,
        0.0,
        0.0
      ],
      [
        0.0,
        0.0,
        0.0,
        0.0,
        0.0,
        0.0
      ],
      [
        0.0,
        0.0,
        0.0,
        0.0,
        0.0,
        0.0
      ]
    ],
    "predictions": [
      0.0,
      100.0,
      0.0
    ],
    "winner": "draw",
    "prob_winner": "draw",
    "result": "1"
  },
  "3": {
    "mandant": "chapecoense",
    "visitant": "vasco",
    "score": [
      1,
      1
    ],
    "date": "22/04/2018",
    "prob_matrix": [
      [
        13.53352832366127,
        13.53352832366127,
        6.766764161830635,
        2.255588053943545,
        0.5638970134858863,
        0.11277940269717726
      ],
      [
        13.53352832366127,
        13.53352832366127,
        6.766764161830635,
        2.255588053943545,
        0.5638970134858863,
        0.11277940269717726
      ],
      [
        6.766764161830635,
        6.766764161830635,
        3.3833820809153177,
        1.1277940269717726,
        0.28194850674294314,
        0.05638970134858863
      ],
      [
        2.255588053943545,
        2.255588053943545,
        1.1277940269717726,
        0.37593134232392417,
        0.09398283558098104,
        0.01879656711619621
      ],
      [
        0.5638970134858863,
        0.5638970134858863,
        0.28194850674294314,
        0.09398283558098104,
        0.02349570889524526,
        0.004699141779049052
      ],
      [
        0.11277940269717726,
        0.11277940269717726,
        0.05638970134858863,
        0.01879656711619621,
        0.004699141779049052,
        0.0009398283558098104
      ]
    ],
    "predictions": [
      34.51519636711529,
      30.85080560781284,
      34.51519636711529
    ],
    "winner": "draw",
    "prob_winner": "mandant",
    "result": "0"
  },
  "4": {
    "mandant": "flamengo",
    "visitant": "america_mg",
    "score": [
      2,
      0
    ],
    "date": "21/04/2018",
    "prob_matrix": [
      [
        4.978706836786396,
        4.978706836786396,
        2.489353418393198,
        0.8297844727977325,
        0.20744611819943312,
        0.04148922363988663
      ],
      [
        9.957413673572791,
        9.957413673572791,
        4.978706836786396,
        1.659568945595465,
        0.41489223639886624,
        0.08297844727977326
      ],
      [
        9.957413673572791,
        9.957413673572791,
        4.978706836786396,
        1.659568945595465,
        0.41489223639886624,
        0.08297844727977326
      ],
      [
        6.63827578238186,
        6.63827578238186,
        3.31913789119093,
        1.1063792970636432,
        0.2765948242659108,
        0.05531896485318217
      ],
      [
        3.31913789119093,
        3.31913789119093,
        1.659568945595465,
        0.5531896485318216,
        0.1382974121329554,
        0.027659482426591084
      ],
      [
        1.3276551564763721,
        1.3276551564763721,
        0.6638275782381861,
        0.22127585941272868,
        0.05531896485318217,
        0.011063792970636433
      ]
    ],
    "predictions": [
      58.914697568639006,
      21.170567849312818,
      18.199939436696937
    ],
    "winner": "mandant",
    "prob_winner": "mandant",
    "result": "1"
  },
  "5": {
    "mandant": "fluminense",
    "visitant": "cruzeiro",
    "score": [
      1,
      0
    ],
    "date": "22/04/2018",
    "prob_matrix": [
      [
        22.313016014842983,
        11.156508007421492,
        2.789127001855373,
        0.4648545003092288,
        0.0581068125386536,
        0.005810681253865361
      ],
      [
        22.313016014842983,
        11.156508007421492,
        2.789127001855373,
        0.4648545003092288,
        0.0581068125386536,
        0.005810681253865361
      ],
      [
        11.156508007421492,
        5.578254003710746,
        1.3945635009276864,
        0.2324272501546144,
        0.0290534062693268,
        0.0029053406269326804
      ],
      [
        3.7188360024738305,
        1.8594180012369153,
        0.4648545003092288,
        0.07747575005153813,
        0.009684468756442266,
        0.0009684468756442268
      ],
      [
        0.9297090006184576,
        0.4648545003092288,
        0.1162136250773072,
        0.019368937512884533,
        0.0024211171891105666,
        0.0002421117189110567
      ],
      [
        0.18594180012369155,
        0.09297090006184577,
        0.023242725015461443,
        0.0038737875025769072,
        0.0004842234378221134,
        4.842234378221134e-05
      ]
    ],
    "predictions": [
      46.92754602965448,
      34.94403281277659,
      18.067587023737605
    ],
    "winner": "mandant",
    "prob_winner": "mandant",
    "result": "1"
  },
  "6": {
    "mandant": "gremio",
    "visitant": "athletico_pr",
    "score": [
      0,
      0
    ],
    "date": "22/04/2018",
    "prob_matrix": [
      [
        100.0,
        0.0,
        0.0,
        0.0,
        0.0,
        0.0
      ],
      [
        0.0,
        0.0,
        0.0,
        0.0,
        0.0,
        0.0
      ],
      [
        0.0,
        0.0,
        0.0,
        0.0,
        0.0,
        0.0
      ],
      [
        0.0,
        0.0,
        0.0,
        0.0,
        0.0,
        0.0
      ],
      [
        0.0,
        0.0,
        0.0,
        0.0,
        0.0,
        0.0
      ],
      [
        0.0,
        0.0,
        0.0,
        0.0,
        0.0,
        0.0
      ]
    ],
    "predictions": [
      0.0,
      100.0,
      0.0
    ],
    "winner": "draw",
    "prob_winner": "draw",
    "result": "1"
  },
  "7": {
    "mandant": "palmeiras",
    "visitant": "internacional",
    "score": [
      1,
      0
    ],
    "date": "22/04/2018",
    "prob_matrix": [
      [
        22.313016014842983,
        11.156508007421492,
        2.789127001855373,
        0.4648545003092288,
        0.0581068125386536,
        0.005810681253865361
      ],
      [
        22.313016014842983,
        11.156508007421492,
        2.789127001855373,
        0.4648545003092288,
        0.0581068125386536,
        0.005810681253865361
      ],
      [
        11.156508007421492,
        5.578254003710746,
        1.3945635009276864,
        0.2324272501546144,
        0.0290534062693268,
        0.0029053406269326804
      ],
      [
        3.7188360024738305,
        1.8594180012369153,
        0.4648545003092288,
        0.07747575005153813,
        0.009684468756442266,
        0.0009684468756442268
      ],
      [
        0.9297090006184576,
        0.4648545003092288,
        0.1162136250773072,
        0.019368937512884533,
        0.0024211171891105666,
        0.0002421117189110567
      ],
      [
        0.18594180012369155,
        0.09297090006184577,
        0.023242725015461443,
        0.0038737875025769072,
        0.0004842234378221134,
        4.842234378221134e-05
      ]
    ],
    "predictions": [
      46.92754602965448,
      34.94403281277659,
      18.067587023737605
    ],
    "winner": "mandant",
    "prob_winner": "mandant",
    "result": "1"
  },
  "8": {
    "mandant": "parana_clube",
    "visitant": "corinthians",
    "score": [
      0,
      4
    ],
    "date": "22/04/2018",
    "prob_matrix": [
      [
        13.53352832366127,
        27.06705664732254,
        27.06705664732254,
        18.04470443154836,
        9.02235221577418,
        3.6089408863096724
      ],
      [
        0.0,
        0.0,
        0.0,
        0.0,
        0.0,
        0.0
      ],
      [
        0.0,
        0.0,
        0.0,
        0.0,
        0.0,
        0.0
      ],
      [
        0.0,
        0.0,
        0.0,
        0.0,
        0.0,
        0.0
      ],
      [
        0.0,
        0.0,
        0.0,
        0.0,
        0.0,
        0.0
      ],
      [
        0.0,
        0.0,
        0.0,
        0.0,
        0.0,
        0.0
      ]
    ],
    "predictions": [
      0.0,
      13.53352832366127,
      84.81011082827729
    ],
    "winner": "visitant",
    "prob_winner": "visitant",
    "result": "1"
  },
  "9": {
    "mandant": "sport",
    "visitant": "botafogo",
    "score": [
      1,
      1
    ],
    "date": "23/04/2018",
    "prob_matrix": [
      [
        13.53352832366127,
        13.53352832366127,
        6.766764161830635,
        2.255588053943545,
        0.5638970134858863,
        0.11277940269717726
      ],
      [
        13.53352832366127,
        13.53352832366127,
        6.766764161830635,
        2.255588053943545,
        0.5638970134858863,
        0.11277940269717726
      ],
      [
        6.766764161830635,
        6.766764161830635,
        3.3833820809153177,
        1.1277940269717726,
        0.28194850674294314,
        0.05638970134858863
      ],
      [
        2.255588053943545,
        2.255588053943545,
        1.1277940269717726,
        0.37593134232392417,
        0.09398283558098104,
        0.01879656711619621
      ],
      [
        0.5638970134858863,
        0.5638970134858863,
        0.28194850674294314,
        0.09398283558098104,
        0.02349570889524526,
        0.004699141779049052
      ],
      [
        0.11277940269717726,
        0.11277940269717726,
        0.05638970134858863,
        0.01879656711619621,
        0.004699141779049052,
        0.0009398283558098104
      ]
    ],
    "predictions": [
      34.51519636711529,
      30.85080560781284,
      34.51519636711529
    ],
    "winner": "draw",
    "prob_winner": "mandant",
    "result": "0"
  }
}