{
  "0": {
    "mandant": "america_mg",
    "visitant": "vitoria",
    "score": [
      2,
      1
    ],
    "date": "30/04/2018",
    "prob_matrix": [
      [
        1.8315638888734183,
        3.2052368055284814,
        2.8045822048374216,
        1.6360062861551627,
        0.7157527501928836,
        0.2505134625675093
      ],
      [
        4.121018749965192,
        7.211782812439085,
        6.310309960884199,
        3.681014143849116,
        1.6104436879339883,
        0.5636552907768959
      ],
      [
        4.63614609371084,
        8.11325566399397,
        7.099098705994724,
        4.141140911830255,
        1.8117491489257367,
        0.6341122021240079
      ],
      [
        3.47710957028313,
        6.084941747995478,
        5.324324029496042,
        3.105855683872692,
        1.3588118616943026,
        0.47558415159300593
      ],
      [
        1.9558741332842606,
        3.422779733247456,
        2.994932266591524,
        1.7470438221783888,
        0.7643316722030451,
        0.2675160852710658
      ],
      [
        0.8801433599779172,
        1.5402508799613552,
        1.3477195199661858,
        0.786169719980275,
        0.3439492524913703,
        0.1203822383719796
      ]
    ],
    "predictions": [
      46.775658543123384,
      20.133015001754945,
      29.466428954164034
    ],
    "winner": "mandant",
    "prob_winner": "mandant",
    "result": "1"
  },
  "1": {
    "mandant": "atletico_mg",
    "visitant": "corinthians",
    "score": [
      1,
      0
    ],
    "date": "29/04/2018",
    "prob_matrix": [
      [
        6.392786120670759,
        11.187375711173827,
        9.788953747277098,
        5.7102230192449746,
        2.4982225709196766,
        0.8743778998218867
      ],
      [
        6.392786120670759,
        11.187375711173827,
        9.788953747277098,
        5.7102230192449746,
        2.4982225709196766,
        0.8743778998218867
      ],
      [
        3.1963930603353794,
        5.593687855586913,
        4.894476873638549,
        2.8551115096224873,
        1.2491112854598383,
        0.43718894991094337
      ],
      [
        1.0654643534451265,
        1.8645626185289712,
        1.6314922912128498,
        0.951703836540829,
        0.4163704284866127,
        0.14572964997031446
      ],
      [
        0.2663660883612816,
        0.4661406546322428,
        0.40787307280321244,
        0.23792595913520725,
        0.10409260712165318,
        0.036432412492578614
      ],
      [
        0.05327321767225632,
        0.09322813092644856,
        0.0815746145606425,
        0.047585191827041455,
        0.020818521424330636,
        0.007286482498515723
      ]
    ],
    "predictions": [
      21.419171751122665,
      23.537721631644132,
      54.070874421643886
    ],
    "winner": "mandant",
    "prob_winner": "visitant",
    "result": "0"
  },
  "2": {
    "mandant": "bahia",
    "visitant": "athletico_pr",
    "score": [
      0,
      0
    ],
    "date": "29/04/2018",
    "prob_matrix": [
      [
        60.653065971263345,
        15.163266492815836,
        1.8954083116019795,
        0.15795069263349829,
        0.009871918289593643,
        0.0004935959144796822
      ],
      [
        15.163266492815836,
        3.790816623203959,
        0.4738520779004949,
        0.03948767315837457,
        0.0024679795723984107,
        0.00012339897861992055
      ],
      [
        1.8954083116019795,
        0.4738520779004949,
        0.05923150973756186,
        0.004935959144796821,
        0.00030849744654980134,
        1.5424872327490068e-05
      ],
      [
        0.15795069263349829,
        0.03948767315837457,
        0.004935959144796821,
        0.00041132992873306847,
        2.570812054581678e-05,
        1.2854060272908389e-06
      ],
      [
        0.009871918289593643,
        0.0024679795723984107,
        0.00030849744654980134,
        2.570812054581678e-05,
        1.6067575341135487e-06,
        8.033787670567743e-08
      ],
      [
        0.0004935959144796822,
        0.00012339897861992055,
        1.5424872327490068e-05,
        1.2854060272908389e-06,
        8.033787670567743e-08,
        4.016893835283871e-09
      ]
    ],
    "predictions": [
      17.7482090961934,
      64.50352704490804,
      17.7482090961934
    ],
    "winner": "draw",
    "prob_winner": "draw",
    "result": "1"
  },
  "3": {
    "mandant": "botafogo",
    "visitant": "gremio",
    "score": [
      2,
      1
    ],
    "date": "28/04/2018",
    "prob_matrix": [
      [
        8.208499862389878,
        10.260624827987348,
        6.412890517492093,
        2.6720377156217054,
        0.8350117861317828,
        0.20875294653294577
      ],
      [
        10.260624827987348,
        12.825781034984185,
        8.016113146865116,
        3.3400471445271314,
        1.0437647326647288,
        0.2609411831661822
      ],
      [
        6.412890517492093,
        8.016113146865116,
        5.010070716790698,
        2.0875294653294576,
        0.6523529579154553,
        0.16308823947886386
      ],
      [
        2.6720377156217054,
        3.3400471445271314,
        2.0875294653294576,
        0.8698039438872738,
        0.2718137324647731,
        0.06795343311619327
      ],
      [
        0.8350117861317828,
        1.0437647326647288,
        0.6523529579154554,
        0.2718137324647731,
        0.08494179139524158,
        0.021235447848810398
      ],
      [
        0.20875294653294577,
        0.2609411831661822,
        0.16308823947886386,
        0.06795343311619327,
        0.021235447848810398,
        0.0053088619622025995
      ]
    ],
    "predictions": [
      36.314157277142584,
      27.004406211409478,
      36.31415727714259
    ],
    "winner": "mandant",
    "prob_winner": "visitant",
    "result": "0"
  },
  "4": {
    "mandant": "ceara",
    "visitant": "flamengo",
    "score": [
      0,
      3
    ],
    "date": "29/04/2018",
    "prob_matrix": [
      [
        17.37739434504451,
        21.721742931305638,
        13.576089332066024,
        5.656703888360843,
        1.7677199651127635,
        0.4419299912781909
      ],
      [
        8.688697172522255,
        10.860871465652819,
        6.788044666033012,
        2.8283519441804215,
        0.8838599825563818,
        0.22096499563909544
      ],
      [
        2.172174293130564,
        2.7152178664132047,
        1.697011166508253,
        0.7070879860451054,
        0.22096499563909544,
        0.05524124890977386
      ],
      [
        0.36202904885509396,
        0.45253631106886744,
        0.28283519441804217,
        0.11784799767418425,
        0.03682749927318257,
        0.009206874818295643
      ],
      [
        0.045253631106886745,
        0.05656703888360843,
        0.03535439930225527,
        0.01473099970927303,
        0.004603437409147822,
        0.0011508593522869554
      ],
      [
        0.004525363110688675,
        0.005656703888360843,
        0.003535439930225527,
        0.0014730999709273028,
        0.0004603437409147822,
        0.00011508593522869555
      ]
    ],
    "predictions": [
      14.841046906051169,
      30.05784349822414,
      54.915887160570094
    ],
    "winner": "visitant",
    "prob_winner": "visitant",
    "result": "1"
  },
  "5": {
    "mandant": "fluminense",
    "visitant": "sao_paulo",
    "score": [
      1,
      1
    ],
    "date": "29/04/2018",
    "prob_matrix": [
      [
        22.313016014842987,
        16.73476201113224,
        6.27553575417459,
        1.5688839385436475,
        0.29416573847693395,
        0.044124860771540084
      ],
      [
        16.73476201113224,
        12.55107150834918,
        4.706651815630942,
        1.1766629539077356,
        0.2206243038577004,
        0.033093645578655066
      ],
      [
        6.27553575417459,
        4.706651815630942,
        1.7649944308616032,
        0.4412486077154008,
        0.08273411394663766,
        0.012410117091995649
      ],
      [
        1.5688839385436475,
        1.1766629539077358,
        0.4412486077154008,
        0.11031215192885023,
        0.020683528486659414,
        0.0031025292729989122
      ],
      [
        0.29416573847693395,
        0.22062430385770046,
        0.08273411394663768,
        0.020683528486659417,
        0.0038781615912486405,
        0.0005817242386872961
      ],
      [
        0.044124860771540084,
        0.033093645578655066,
        0.012410117091995649,
        0.0031025292729989122,
        0.0005817242386872961,
        8.72586358030944e-05
      ]
    ],
    "predictions": [
      31.61526564282637,
      36.74335952620967,
      31.61526564282637
    ],
    "winner": "draw",
    "prob_winner": "draw",
    "result": "1"
  },
  "6": {
    "mandant": "internacional",
    "visitant": "cruzeiro",
    "score": [
      0,
      0
    ],
    "date": "29/04/2018",
    "prob_matrix": [
      [
        28.650479686019015,
        14.325239843009507,
        3.581309960752377,
        0.5968849934587295,
        0.07461062418234118,
        0.007461062418234118
      ],
      [
        21.487859764514262,
        10.743929882257131,
        2.6859824705642827,
        0.4476637450940471,
        0.05595796813675589,
        0.005595796813675589
      ],
      [
        8.057947411692847,
        4.028973705846424,
        1.007243426461606,
        0.16787390441026767,
        0.02098423805128346,
        0.002098423805128346
      ],
      [
        2.014486852923212,
        1.007243426461606,
        0.2518108566154015,
        0.04196847610256692,
        0.005246059512820865,
        0.0005246059512820865
      ],
      [
        0.3777162849231022,
        0.1888581424615511,
        0.04721453561538778,
        0.007869089269231296,
        0.000983636158653912,
        9.83636158653912e-05
      ],
      [
        0.05665744273846534,
        0.02832872136923267,
        0.0070821803423081675,
        0.0011803633903846947,
        0.00014754542379808683,
        1.4754542379808681e-05
      ]
    ],
    "predictions": [
      37.56337632358721,
      40.44461986154135,
      21.9775320597766
    ],
    "winner": "draw",
    "prob_winner": "draw",
    "result": "1"
  },
  "7": {
    "mandant": "palmeiras",
    "visitant": "chapecoense",
    "score": [
      0,
      0
    ],
    "date": "29/04/2018",
    "prob_matrix": [
      [
        13.53352832366127,
        6.766764161830635,
        1.6916910404576588,
        0.28194850674294314,
        0.03524356334286789,
        0.0035243563342867894
      ],
      [
        20.300292485491905,
        10.150146242745953,
        2.537536560686488,
        0.4229227601144147,
        0.05286534501430184,
        0.005286534501430184
      ],
      [
        15.22521936411893,
        7.612609682059465,
        1.9031524205148662,
        0.3171920700858111,
        0.039649008760726384,
        0.003964900876072638
      ],
      [
        7.612609682059464,
        3.806304841029732,
        0.951576210257433,
        0.1585960350429055,
        0.01982450438036319,
        0.0019824504380363188
      ],
      [
        2.854728630772299,
        1.4273643153861495,
        0.3568410788465374,
        0.05947351314108956,
        0.007434189142636195,
        0.0007434189142636196
      ],
      [
        0.8564185892316898,
        0.4282092946158449,
        0.10705232365396122,
        0.01784205394232687,
        0.0022302567427908587,
        0.0002230256742790859
      ]
    ],
    "predictions": [
      61.61877232134962,
      25.753080236781912,
      12.1811391824803
    ],
    "winner": "draw",
    "prob_winner": "mandant",
    "result": "0"
  },
  "8": {
    "mandant": "parana_clube",
    "visitant": "sport",
    "score": [
      1,
      2
    ],
    "date": "29/04/2018",
    "prob_matrix": [
      [
        13.53352832366127,
        10.150146242745953,
        3.8063048410297324,
        0.951576210257433,
        0.1784205394232687,
        0.026763080913490306
      ],
      [
        16.916910404576587,
        12.68768280343244,
        4.757881051287165,
        1.1894702628217912,
        0.22302567427908587,
        0.03345385114186288
      ],
      [
        10.573069002860368,
        7.929801752145275,
        2.9736756570544784,
        0.7434189142636196,
        0.13939104642442868,
        0.0209086569636643
      ],
      [
        4.405445417858486,
        3.304084063393865,
        1.2390315237726992,
        0.30975788094317486,
        0.058079602676845275,
        0.00871194040152679
      ],
      [
        1.3767016930807772,
        1.0325262698105828,
        0.3871973511789686,
        0.09679933779474215,
        0.018149875836514152,
        0.0027224813754771226
      ],
      [
        0.34417542327019424,
        0.25813156745264565,
        0.09679933779474215,
        0.024199834448685537,
        0.004537468959128538,
        0.0006806203438692807
      ]
    ],
    "predictions": [
      47.98941044839775,
      29.523475161271744,
      22.290274396005344
    ],
    "winner": "visitant",
    "prob_winner": "mandant",
    "result": "0"
  }
}