{
  "0": {
    "mandant": "athletico_pr",
    "visitant": "atletico_mg",
    "score": [
      1,
      2
    ],
    "date": "13/05/2018",
    "prob_matrix": [
      [
        1.8315638888734183,
        3.6631277777468365,
        3.6631277777468365,
        2.4420851851645575,
        1.2210425925822788,
        0.48841703703291156
      ],
      [
        3.6631277777468365,
        7.326255555493673,
        7.326255555493673,
        4.884170370329115,
        2.4420851851645575,
        0.9768340740658231
      ],
      [
        3.6631277777468365,
        7.326255555493673,
        7.326255555493673,
        4.884170370329115,
        2.4420851851645575,
        0.9768340740658231
      ],
      [
        2.4420851851645575,
        4.884170370329115,
        4.884170370329115,
        3.25611358021941,
        1.628056790109705,
        0.651222716043882
      ],
      [
        1.2210425925822788,
        2.4420851851645575,
        2.4420851851645575,
        1.628056790109705,
        0.8140283950548525,
        0.325611358021941
      ],
      [
        0.48841703703291156,
        0.9768340740658231,
        0.9768340740658231,
        0.651222716043882,
        0.325611358021941,
        0.13024454320877643
      ]
    ],
    "predictions": [
      38.0151260490616,
      20.6844615183438,
      38.01512604906161
    ],
    "winner": "visitant",
    "prob_winner": "visitant",
    "result": "1"
  },
  "1": {
    "mandant": "bahia",
    "visitant": "sao_paulo",
    "score": [
      2,
      2
    ],
    "date": "13/05/2018",
    "prob_matrix": [
      [
        13.53352832366127,
        13.53352832366127,
        6.766764161830635,
        2.255588053943545,
        0.5638970134858863,
        0.11277940269717726
      ],
      [
        13.53352832366127,
        13.53352832366127,
        6.766764161830635,
        2.255588053943545,
        0.5638970134858863,
        0.11277940269717726
      ],
      [
        6.766764161830635,
        6.766764161830635,
        3.3833820809153177,
        1.1277940269717726,
        0.28194850674294314,
        0.05638970134858863
      ],
      [
        2.255588053943545,
        2.255588053943545,
        1.1277940269717726,
        0.37593134232392417,
        0.09398283558098104,
        0.01879656711619621
      ],
      [
        0.5638970134858863,
        0.5638970134858863,
        0.28194850674294314,
        0.09398283558098104,
        0.02349570889524526,
        0.004699141779049052
      ],
      [
        0.11277940269717726,
        0.11277940269717726,
        0.05638970134858863,
        0.01879656711619621,
        0.004699141779049052,
        0.0009398283558098104
      ]
    ],
    "predictions": [
      34.51519636711529,
      30.85080560781284,
      34.51519636711529
    ],
    "winner": "draw",
    "prob_winner": "mandant",
    "result": "0"
  },
  "2": {
    "mandant": "botafogo",
    "visitant": "fluminense",
    "score": [
      2,
      1
    ],
    "date": "14/05/2018",
    "prob_matrix": [
      [
        4.21438435092764,
        6.321576526391459,
        4.741182394793595,
        2.3705911973967977,
        0.8889716990237989,
        0.26669150970713973
      ],
      [
        7.023973918212734,
        10.5359608773191,
        7.901970657989326,
        3.950985328994663,
        1.4816194983729984,
        0.44448584951189957
      ],
      [
        5.8533115985106114,
        8.779967397765917,
        6.584975548324438,
        3.292487774162219,
        1.234682915310832,
        0.37040487459324967
      ],
      [
        3.2518397769503404,
        4.87775966542551,
        3.6583197490691326,
        1.8291598745345663,
        0.6859349529504624,
        0.2057804858851387
      ],
      [
        1.354933240395975,
        2.0323998605939626,
        1.5242998954454716,
        0.7621499477227358,
        0.28580623039602593,
        0.08574186911880778
      ],
      [
        0.4516444134653251,
        0.6774666201979875,
        0.5080999651484907,
        0.2540499825742453,
        0.095268743465342,
        0.028580623039602605
      ]
    ],
    "predictions": [
      41.105484774943776,
      23.478867504541377,
      34.24310753420238
    ],
    "winner": "mandant",
    "prob_winner": "mandant",
    "result": "1"
  },
  "3": {
    "mandant": "ceara",
    "visitant": "america_mg",
    "score": [
      2,
      2
    ],
    "date": "14/05/2018",
    "prob_matrix": [
      [
        8.208499862389882,
        6.840416551991568,
        2.85017356332982,
        0.7917148787027275,
        0.1649405997297349,
        0.02749009995495582
      ],
      [
        13.680833103983137,
        11.40069425331928,
        4.750289272216366,
        1.3195247978378792,
        0.27490099954955816,
        0.04581683325825969
      ],
      [
        11.40069425331928,
        9.500578544432733,
        3.9585743935136377,
        1.0996039981982326,
        0.22908416629129846,
        0.03818069438188307
      ],
      [
        6.33371902962182,
        5.278099191351516,
        2.1992079963964652,
        0.6108911101101291,
        0.12726898127294353,
        0.021211496878823923
      ],
      [
        2.6390495956757585,
        2.1992079963964652,
        0.9163366651651939,
        0.25453796254588706,
        0.05302874219705982,
        0.00883812369950997
      ],
      [
        0.8796831985585862,
        0.7330693321321551,
        0.3054455550550646,
        0.0848459875152957,
        0.01767624739901994,
        0.0029460412331699898
      ]
    ],
    "predictions": [
      56.422984659548376,
      24.234634402763156,
      18.589455057293563
    ],
    "winner": "draw",
    "prob_winner": "mandant",
    "result": "0"
  },
  "4": {
    "mandant": "chapecoense",
    "visitant": "flamengo",
    "score": [
      3,
      2
    ],
    "date": "13/05/2018",
    "prob_matrix": [
      [
        2.55615332065074,
        5.11230664130148,
        5.11230664130148,
        3.40820442753432,
        1.70410221376716,
        0.681640885506864
      ],
      [
        4.2602555344179,
        8.5205110688358,
        8.5205110688358,
        5.6803407125572,
        2.8401703562786,
        1.1360681425114398
      ],
      [
        3.55021294534825,
        7.1004258906965,
        7.1004258906965,
        4.733617260464333,
        2.3668086302321667,
        0.9467234520928668
      ],
      [
        1.9723405251934727,
        3.9446810503869454,
        3.9446810503869454,
        2.62978736692463,
        1.314893683462315,
        0.525957473384926
      ],
      [
        0.821808552163947,
        1.643617104327894,
        1.643617104327894,
        1.095744736218596,
        0.547872368109298,
        0.2191489472437192
      ],
      [
        0.273936184054649,
        0.547872368109298,
        0.547872368109298,
        0.3652482454061986,
        0.1826241227030993,
        0.07304964908123972
      ]
    ],
    "predictions": [
      31.894937781850896,
      21.427799664298213,
      44.30280053647467
    ],
    "winner": "mandant",
    "prob_winner": "visitant",
    "result": "0"
  },
  "5": {
    "mandant": "corinthians",
    "visitant": "palmeiras",
    "score": [
      1,
      0
    ],
    "date": "13/05/2018",
    "prob_matrix": [
      [
        8.208499862389882,
        10.944666483186511,
        7.296444322124341,
        3.2428641431663725,
        1.080954714388791,
        0.2882545905036775
      ],
      [
        9.576583172788196,
        12.768777563717592,
        8.51251837581173,
        3.783341500360768,
        1.2611138334535892,
        0.3362970222542905
      ],
      [
        5.586340184126446,
        7.448453578835261,
        4.965635719223507,
        2.2069492085437807,
        0.7356497361812602,
        0.1961732629816694
      ],
      [
        2.1724656271602845,
        2.896620836213713,
        1.9310805574758085,
        0.8582580255448037,
        0.28608600851493454,
        0.07628960227064921
      ],
      [
        0.6336358079217497,
        0.8448477438956661,
        0.5632318292637775,
        0.2503252574505677,
        0.08344175248352256,
        0.022251133995606014
      ],
      [
        0.14784835518174153,
        0.19713114024232206,
        0.13142076016154805,
        0.05840922673846578,
        0.019469742246155265,
        0.005191931265641402
      ]
    ],
    "predictions": [
      32.45786381970171,
      26.88980485462495,
      40.26985393773797
    ],
    "winner": "mandant",
    "prob_winner": "visitant",
    "result": "0"
  },
  "6": {
    "mandant": "cruzeiro",
    "visitant": "sport",
    "score": [
      2,
      0
    ],
    "date": "13/05/2018",
    "prob_matrix": [
      [
        9.697196786440507,
        8.080997322033756,
        3.367082217514065,
        0.935300615976129,
        0.19485429499502685,
        0.03247571583250448
      ],
      [
        14.545795179660761,
        12.121495983050634,
        5.050623326271097,
        1.4029509239641933,
        0.2922814424925403,
        0.048713573748756706
      ],
      [
        10.909346384745572,
        9.091121987287975,
        3.7879674947033224,
        1.052213192973145,
        0.2192110818694052,
        0.036535180311567536
      ],
      [
        5.454673192372786,
        4.545560993643988,
        1.8939837473516612,
        0.5261065964865725,
        0.10960554093470262,
        0.018267590155783768
      ],
      [
        2.045502447139795,
        1.7045853726164955,
        0.710243905256873,
        0.1972899736824647,
        0.04110207785051348,
        0.006850346308418912
      ],
      [
        0.6136507341419384,
        0.5113756117849487,
        0.21307317157706188,
        0.059186992104739405,
        0.012330623355154044,
        0.0020551038925256736
      ]
    ],
    "predictions": [
      52.50772031672223,
      26.17592404242408,
      20.847962365381093
    ],
    "winner": "mandant",
    "prob_winner": "mandant",
    "result": "1"
  },
  "7": {
    "mandant": "gremio",
    "visitant": "internacional",
    "score": [
      0,
      0
    ],
    "date": "12/05/2018",
    "prob_matrix": [
      [
        11.455884399268772,
        9.546570332723975,
        3.9777376386349905,
        1.104927121843053,
        0.23019315038396937,
        0.038365525063994904
      ],
      [
        15.274512532358365,
        12.72876044363197,
        5.303650184846655,
        1.4732361624574042,
        0.30692420051195923,
        0.05115403341865987
      ],
      [
        10.183008354905578,
        8.485840295754649,
        3.535766789897771,
        0.9821574416382697,
        0.2046161336746395,
        0.03410268894577325
      ],
      [
        4.525781491069146,
        3.771484575890955,
        1.5714519066212314,
        0.43651441850589767,
        0.09094050385539533,
        0.015156750642565891
      ],
      [
        1.5085938303563822,
        1.2571615252969852,
        0.5238173022070772,
        0.14550480616863257,
        0.030313501285131782,
        0.0050522502141886316
      ],
      [
        0.40229168809503524,
        0.33524307341252935,
        0.13968461392188725,
        0.03880128164496868,
        0.00808360034270181,
        0.001347266723783635
      ]
    ],
    "predictions": [
      48.17126087804613,
      28.188586819313326,
      23.364784118855486
    ],
    "winner": "draw",
    "prob_winner": "mandant",
    "result": "0"
  },
  "8": {
    "mandant": "santos",
    "visitant": "parana_clube",
    "score": [
      3,
      1
    ],
    "date": "13/05/2018",
    "prob_matrix": [
      [
        2.5561533206507403,
        4.047242757697005,
        3.2040671831767953,
        1.6910354577877533,
        0.6693682020409857,
        0.21196659731297873
      ],
      [
        5.325319418022375,
        8.431755745202095,
        6.675139964951658,
        3.522990537057819,
        1.3945170875853867,
        0.4415970777353725
      ],
      [
        5.547207727106642,
        8.783078901252182,
        6.953270796824644,
        3.669781809435229,
        1.4526219662347781,
        0.4599969559743464
      ],
      [
        3.8522275882685015,
        6.099360348091794,
        4.82866027557267,
        2.5484595898855757,
        1.008765254329707,
        0.3194423305377405
      ],
      [
        2.0063685355565113,
        3.17675018129781,
        2.514927226860766,
        1.327322703065404,
        0.5253985699633892,
        0.16637621382173987
      ],
      [
        0.8359868898152132,
        1.3236459088740877,
        1.0478863445253193,
        0.5530511262772518,
        0.21891607081807882,
        0.06932342242572496
      ]
    ],
    "predictions": [
      47.440709245404605,
      21.08436144495217,
      28.9349093956793
    ],
    "winner": "mandant",
    "prob_winner": "mandant",
    "result": "1"
  },
  "9": {
    "mandant": "vasco",
    "visitant": "vitoria",
    "score": [
      2,
      3
    ],
    "date": "13/05/2018",
    "prob_matrix": [
      [
        1.1108996538242315,
        2.4069492499525014,
        2.6075283541152094,
        1.8832149224165402,
        1.0200747496422924,
        0.44203239151166007
      ],
      [
        2.5920991922565397,
        5.616214916555835,
        6.0842328262688214,
        4.394168152305259,
        2.3801744158320153,
        1.0314089135272066
      ],
      [
        3.024115724299296,
        6.552250735981807,
        7.098271630646957,
        5.126529511022803,
        2.7768701518040175,
        1.2033103991150742
      ],
      [
        2.352090007788341,
        5.096195016874738,
        5.520877934947633,
        3.9873007307955124,
        2.1597878958475687,
        0.9359080882006132
      ],
      [
        1.3720525045431988,
        2.972780426510264,
        3.2205121287194527,
        2.3259254262973825,
        1.2598762725777486,
        0.5459463847836911
      ],
      [
        0.640291168786826,
        1.3872975323714563,
        1.5029056600690778,
        1.085431865605445,
        0.5879422605362826,
        0.2547749795657224
      ]
    ],
    "predictions": [
      40.23276758558773,
      19.32733818396601,
      34.998136406345274
    ],
    "winner": "visitant",
    "prob_winner": "mandant",
    "result": "0"
  }
}