{
  "0": {
    "mandant": "america_mg",
    "visitant": "atletico_mg",
    "winner": "visitant",
    "score": [
      1,
      3
    ],
    "round": "10",
    "date": "07/06/2018",
    "predictions": [
      [
        0.07782876702637405,
        0.07782876702637405,
        0.038914383513187024,
        0.012971461171062341,
        0.0032428652927655854,
        0.000648573058553117
      ],
      [
        0.07782876702637405,
        0.07782876702637405,
        0.038914383513187024,
        0.012971461171062341,
        0.0032428652927655854,
        0.000648573058553117
      ],
      [
        0.038914383513187024,
        0.038914383513187024,
        0.019457191756593512,
        0.006485730585531171,
        0.0016214326463827927,
        0.0003242865292765585
      ],
      [
        0.012971461171062341,
        0.012971461171062341,
        0.006485730585531171,
        0.0021619101951770568,
        0.0005404775487942642,
        0.00010809550975885285
      ],
      [
        0.0032428652927655854,
        0.0032428652927655854,
        0.0016214326463827927,
        0.0005404775487942642,
        0.00013511938719856605,
        2.702387743971321e-05
      ],
      [
        0.000648573058553117,
        0.000648573058553117,
        0.0003242865292765585,
        0.00010809550975885285,
        2.702387743971321e-05,
        5.404775487942643e-06
      ]
    ],
    "win_prob": "0.19849037979469353",
    "draw_prob": "0.17741716016720518",
    "lose_prob": "0.19849037979469353",
    "result": "miss"
  },
  "1": {
    "mandant": "america_mg",
    "visitant": "athletico_pr",
    "winner": "mandant",
    "score": [
      3,
      1
    ],
    "round": "9",
    "date": "03/06/2018",
    "predictions": [
      [
        0.13322066943604063,
        0.13322066943604063,
        0.06661033471802032,
        0.022203444906006772,
        0.005550861226501693,
        0.0011101722453003386
      ],
      [
        0.13322066943604063,
        0.13322066943604063,
        0.06661033471802032,
        0.022203444906006772,
        0.005550861226501693,
        0.0011101722453003386
      ],
      [
        0.06661033471802032,
        0.06661033471802032,
        0.03330516735901016,
        0.011101722453003386,
        0.0027754306132508465,
        0.0005550861226501693
      ],
      [
        0.022203444906006772,
        0.022203444906006772,
        0.011101722453003386,
        0.0037005741510011286,
        0.0009251435377502821,
        0.00018502870755005645
      ],
      [
        0.005550861226501693,
        0.005550861226501693,
        0.0027754306132508465,
        0.0009251435377502821,
        0.00023128588443757054,
        4.625717688751411e-05
      ],
      [
        0.0011101722453003386,
        0.0011101722453003386,
        0.0005550861226501693,
        0.00018502870755005645,
        4.625717688751411e-05,
        9.251435377502822e-06
      ]
    ],
    "win_prob": "0.33975896423879115",
    "draw_prob": "0.3036876177019076",
    "lose_prob": "0.33975896423879115",
    "result": "hit"
  },
  "2": {
    "mandant": "america_mg",
    "visitant": "bahia",
    "winner": "mandant",
    "score": [
      1,
      0
    ],
    "round": "37",
    "date": "25/11/2018",
    "predictions": [
      [
        0.1288212744645009,
        0.1288212744645009,
        0.06441063723225045,
        0.021470212410750148,
        0.005367553102687537,
        0.0010735106205375074
      ],
      [
        0.1288212744645009,
        0.1288212744645009,
        0.06441063723225045,
        0.021470212410750148,
        0.005367553102687537,
        0.0010735106205375074
      ],
      [
        0.06441063723225045,
        0.06441063723225045,
        0.032205318616125224,
        0.010735106205375074,
        0.0026837765513437685,
        0.0005367553102687537
      ],
      [
        0.021470212410750148,
        0.021470212410750148,
        0.010735106205375074,
        0.003578368735125025,
        0.0008945921837812562,
        0.00017891843675625125
      ],
      [
        0.005367553102687537,
        0.005367553102687537,
        0.0026837765513437685,
        0.0008945921837812562,
        0.00022364804594531405,
        4.472960918906281e-05
      ],
      [
        0.0010735106205375074,
        0.0010735106205375074,
        0.0005367553102687537,
        0.00017891843675625125,
        4.472960918906281e-05,
        8.945921837812563e-06
      ]
    ],
    "win_prob": "0.32853897949366634",
    "draw_prob": "0.2936588302480352",
    "lose_prob": "0.3285389794936664",
    "result": "miss"
  },
  "3": {
    "mandant": "america_mg",
    "visitant": "botafogo",
    "winner": "mandant",
    "score": [
      1,
      0
    ],
    "round": "6",
    "date": "20/05/2018",
    "predictions": [
      [
        0.10178229555827029,
        0.10178229555827029,
        0.05089114777913514,
        0.01696371592637838,
        0.004240928981594595,
        0.000848185796318919
      ],
      [
        0.10178229555827029,
        0.10178229555827029,
        0.05089114777913514,
        0.01696371592637838,
        0.004240928981594595,
        0.000848185796318919
      ],
      [
        0.05089114777913514,
        0.05089114777913514,
        0.02544557388956757,
        0.00848185796318919,
        0.0021204644907972976,
        0.0004240928981594595
      ],
      [
        0.01696371592637838,
        0.01696371592637838,
        0.00848185796318919,
        0.00282728598772973,
        0.0007068214969324325,
        0.00014136429938648652
      ],
      [
        0.004240928981594595,
        0.004240928981594595,
        0.0021204644907972976,
        0.0007068214969324325,
        0.00017670537423310814,
        3.534107484662163e-05
      ],
      [
        0.000848185796318919,
        0.000848185796318919,
        0.0004240928981594595,
        0.00014136429938648652,
        3.534107484662163e-05,
        7.0682149693243254e-06
      ]
    ],
    "win_prob": "0.2595801947484358",
    "draw_prob": "0.23202122458304034",
    "lose_prob": "0.2595801947484358",
    "result": "hit"
  },
  "4": {
    "mandant": "america_mg",
    "visitant": "ceara",
    "winner": "draw",
    "score": [
      0,
      0
    ],
    "round": "24",
    "date": "09/09/2018",
    "predictions": [
      [
        0.1316247439190048,
        0.1316247439190048,
        0.0658123719595024,
        0.021937457319834135,
        0.005484364329958534,
        0.0010968728659917068
      ],
      [
        0.1316247439190048,
        0.1316247439190048,
        0.0658123719595024,
        0.021937457319834135,
        0.005484364329958534,
        0.0010968728659917068
      ],
      [
        0.0658123719595024,
        0.0658123719595024,
        0.0329061859797512,
        0.010968728659917068,
        0.002742182164979267,
        0.0005484364329958534
      ],
      [
        0.021937457319834135,
        0.021937457319834135,
        0.010968728659917068,
        0.0036562428866390223,
        0.0009140607216597556,
        0.00018281214433195112
      ],
      [
        0.005484364329958534,
        0.005484364329958534,
        0.002742182164979267,
        0.0009140607216597556,
        0.0002285151804149389,
        4.570303608298778e-05
      ],
      [
        0.0010968728659917068,
        0.0010968728659917068,
        0.0005484364329958534,
        0.00018281214433195112,
        4.570303608298778e-05,
        9.140607216597556e-06
      ]
    ],
    "win_prob": "0.33568880002954526",
    "draw_prob": "0.30004957249203135",
    "lose_prob": "0.33568880002954526",
    "result": "miss"
  },
  "5": {
    "mandant": "america_mg",
    "visitant": "chapecoense",
    "winner": "draw",
    "score": [
      0,
      0
    ],
    "round": "12",
    "date": "13/06/2018",
    "predictions": [
      [
        0.08723688544225347,
        0.08723688544225347,
        0.043618442721126735,
        0.014539480907042246,
        0.0036348702267605614,
        0.0007269740453521123
      ],
      [
        0.08723688544225347,
        0.08723688544225347,
        0.043618442721126735,
        0.014539480907042246,
        0.0036348702267605614,
        0.0007269740453521123
      ],
      [
        0.043618442721126735,
        0.043618442721126735,
        0.021809221360563368,
        0.007269740453521123,
        0.0018174351133802807,
        0.00036348702267605614
      ],
      [
        0.014539480907042246,
        0.014539480907042246,
        0.007269740453521123,
        0.002423246817840374,
        0.0006058117044600935,
        0.0001211623408920187
      ],
      [
        0.0036348702267605614,
        0.0036348702267605614,
        0.0018174351133802807,
        0.0006058117044600935,
        0.00015145292611502337,
        3.0290585223004676e-05
      ],
      [
        0.0007269740453521123,
        0.0007269740453521123,
        0.00036348702267605614,
        0.0001211623408920187,
        3.0290585223004676e-05,
        6.058117044600935e-06
      ]
    ],
    "win_prob": "0.2224843484629693",
    "draw_prob": "0.1988637501060703",
    "lose_prob": "0.22248434846296933",
    "result": "miss"
  },
  "6": {
    "mandant": "america_mg",
    "visitant": "corinthians",
    "winner": "draw",
    "score": [
      0,
      0
    ],
    "round": "27",
    "date": "29/09/2018",
    "predictions": [
      [
        0.12752660778436323,
        0.12752660778436323,
        0.06376330389218161,
        0.021254434630727206,
        0.005313608657681801,
        0.0010627217315363603
      ],
      [
        0.12752660778436323,
        0.12752660778436323,
        0.06376330389218161,
        0.021254434630727206,
        0.005313608657681801,
        0.0010627217315363603
      ],
      [
        0.06376330389218161,
        0.06376330389218161,
        0.03188165194609081,
        0.010627217315363603,
        0.0026568043288409007,
        0.0005313608657681802
      ],
      [
        0.021254434630727206,
        0.021254434630727206,
        0.010627217315363603,
        0.0035424057717878673,
        0.0008856014429469668,
        0.00017712028858939336
      ],
      [
        0.005313608657681801,
        0.005313608657681801,
        0.0026568043288409007,
        0.0008856014429469668,
        0.0002214003607367417,
        4.428007214734834e-05
      ],
      [
        0.0010627217315363603,
        0.0010627217315363603,
        0.0005313608657681802,
        0.00017712028858939336,
        4.428007214734834e-05,
        8.856014429469668e-06
      ]
    ],
    "win_prob": "0.32523712992227366",
    "draw_prob": "0.2907075296617714",
    "lose_prob": "0.3252371299222736",
    "result": "miss"
  },
  "7": {
    "mandant": "america_mg",
    "visitant": "cruzeiro",
    "winner": "visitant",
    "score": [
      1,
      2
    ],
    "round": "32",
    "date": "04/11/2018",
    "predictions": [
      [
        0.1321490164674033,
        0.1321490164674033,
        0.06607450823370165,
        0.02202483607790055,
        0.005506209019475137,
        0.0011012418038950274
      ],
      [
        0.1321490164674033,
        0.1321490164674033,
        0.06607450823370165,
        0.02202483607790055,
        0.005506209019475137,
        0.0011012418038950274
      ],
      [
        0.06607450823370165,
        0.06607450823370165,
        0.03303725411685082,
        0.011012418038950275,
        0.0027531045097375687,
        0.0005506209019475137
      ],
      [
        0.02202483607790055,
        0.02202483607790055,
        0.011012418038950275,
        0.0036708060129834246,
        0.0009177015032458562,
        0.00018354030064917124
      ],
      [
        0.005506209019475137,
        0.005506209019475137,
        0.0027531045097375687,
        0.0009177015032458562,
        0.00022942537581146404,
        4.588507516229281e-05
      ],
      [
        0.0011012418038950274,
        0.0011012418038950274,
        0.0005506209019475137,
        0.00018354030064917124,
        4.588507516229281e-05,
        9.177015032458561e-06
      ]
    ],
    "win_prob": "0.33702587706704074",
    "draw_prob": "0.3012446954554847",
    "lose_prob": "0.33702587706704074",
    "result": "miss"
  },
  "8": {
    "mandant": "america_mg",
    "visitant": "flamengo",
    "winner": "draw",
    "score": [
      2,
      2
    ],
    "round": "21",
    "date": "26/08/2018",
    "predictions": [
      [
        0.12454019636166784,
        0.12454019636166784,
        0.06227009818083392,
        0.020756699393611307,
        0.005189174848402827,
        0.0010378349696805653
      ],
      [
        0.12454019636166784,
        0.12454019636166784,
        0.06227009818083392,
        0.020756699393611307,
        0.005189174848402827,
        0.0010378349696805653
      ],
      [
        0.06227009818083392,
        0.06227009818083392,
        0.03113504909041696,
        0.010378349696805653,
        0.0025945874242014133,
        0.0005189174848402826
      ],
      [
        0.020756699393611307,
        0.020756699393611307,
        0.010378349696805653,
        0.003459449898935218,
        0.0008648624747338044,
        0.0001729724949467609
      ],
      [
        0.005189174848402827,
        0.005189174848402827,
        0.0025945874242014133,
        0.0008648624747338044,
        0.0002162156186834511,
        4.3243123736690225e-05
      ],
      [
        0.0010378349696805653,
        0.0010378349696805653,
        0.0005189174848402826,
        0.0001729724949467609,
        4.3243123736690225e-05,
        8.648624747338045e-06
      ]
    ],
    "win_prob": "0.3176207438459897",
    "draw_prob": "0.28389975595611866",
    "lose_prob": "0.31762074384598976",
    "result": "miss"
  },
  "9": {
    "mandant": "america_mg",
    "visitant": "fluminense",
    "winner": "draw",
    "score": [
      0,
      0
    ],
    "round": "19",
    "date": "19/08/2018",
    "predictions": [
      [
        0.11690681400532363,
        0.11690681400532363,
        0.058453407002661814,
        0.01948446900088727,
        0.0048711172502218176,
        0.0009742234500443636
      ],
      [
        0.11690681400532363,
        0.11690681400532363,
        0.058453407002661814,
        0.01948446900088727,
        0.0048711172502218176,
        0.0009742234500443636
      ],
      [
        0.058453407002661814,
        0.058453407002661814,
        0.029226703501330907,
        0.009742234500443635,
        0.0024355586251109088,
        0.0004871117250221818
      ],
      [
        0.01948446900088727,
        0.01948446900088727,
        0.009742234500443635,
        0.0032474115001478784,
        0.0008118528750369696,
        0.00016237057500739392
      ],
      [
        0.0048711172502218176,
        0.0048711172502218176,
        0.0024355586251109088,
        0.0008118528750369696,
        0.0002029632187592424,
        4.059264375184848e-05
      ],
      [
        0.0009742234500443636,
        0.0009742234500443636,
        0.0004871117250221818,
        0.00016237057500739392,
        4.059264375184848e-05,
        8.118528750369697e-06
      ]
    ],
    "win_prob": "0.29815296835732713",
    "draw_prob": "0.26649882475963566",
    "lose_prob": "0.29815296835732713",
    "result": "miss"
  },
  "10": {
    "mandant": "america_mg",
    "visitant": "gremio",
    "winner": "draw",
    "score": [
      1,
      1
    ],
    "round": "30",
    "date": "20/10/2018",
    "predictions": [
      [
        0.1346119880530567,
        0.1346119880530567,
        0.06730599402652836,
        0.02243533134217612,
        0.00560883283554403,
        0.001121766567108806
      ],
      [
        0.1346119880530567,
        0.1346119880530567,
        0.06730599402652836,
        0.02243533134217612,
        0.00560883283554403,
        0.001121766567108806
      ],
      [
        0.06730599402652836,
        0.06730599402652836,
        0.03365299701326418,
        0.01121766567108806,
        0.002804416417772015,
        0.000560883283554403
      ],
      [
        0.02243533134217612,
        0.02243533134217612,
        0.01121766567108806,
        0.0037392218903626864,
        0.0009348054725906716,
        0.00018696109451813431
      ],
      [
        0.00560883283554403,
        0.00560883283554403,
        0.002804416417772015,
        0.0009348054725906716,
        0.0002337013681476679,
        4.674027362953358e-05
      ],
      [
        0.001121766567108806,
        0.001121766567108806,
        0.000560883283554403,
        0.00018696109451813431,
        4.674027362953358e-05,
        9.348054725906716e-06
      ]
    ],
    "win_prob": "0.34330730980892427",
    "draw_prob": "0.30685924443261386",
    "lose_prob": "0.3433073098089242",
    "result": "miss"
  },
  "11": {
    "mandant": "america_mg",
    "visitant": "internacional",
    "winner": "mandant",
    "score": [
      2,
      1
    ],
    "round": "15",
    "date": "26/07/2018",
    "predictions": [
      [
        0.12416287527124502,
        0.12416287527124502,
        0.06208143763562251,
        0.020693812545207503,
        0.005173453136301876,
        0.0010346906272603752
      ],
      [
        0.12416287527124502,
        0.12416287527124502,
        0.06208143763562251,
        0.020693812545207503,
        0.005173453136301876,
        0.0010346906272603752
      ],
      [
        0.06208143763562251,
        0.06208143763562251,
        0.031040718817811255,
        0.010346906272603752,
        0.002586726568150938,
        0.0005173453136301876
      ],
      [
        0.020693812545207503,
        0.020693812545207503,
        0.010346906272603752,
        0.003448968757534584,
        0.000862242189383646,
        0.0001724484378767292
      ],
      [
        0.005173453136301876,
        0.005173453136301876,
        0.002586726568150938,
        0.000862242189383646,
        0.0002155605473459115,
        4.31121094691823e-05
      ],
      [
        0.0010346906272603752,
        0.0010346906272603752,
        0.0005173453136301876,
        0.0001724484378767292,
        4.31121094691823e-05,
        8.622421893836459e-06
      ]
    ],
    "win_prob": "0.3166584440511439",
    "draw_prob": "0.2830396210870756",
    "lose_prob": "0.31665844405114396",
    "result": "miss"
  },
  "12": {
    "mandant": "america_mg",
    "visitant": "palmeiras",
    "winner": "draw",
    "score": [
      0,
      0
    ],
    "round": "17",
    "date": "05/08/2018",
    "predictions": [
      [
        0.12281052562326061,
        0.12281052562326061,
        0.06140526281163031,
        0.020468420937210102,
        0.0051171052343025256,
        0.0010234210468605051
      ],
      [
        0.12281052562326061,
        0.12281052562326061,
        0.06140526281163031,
        0.020468420937210102,
        0.0051171052343025256,
        0.0010234210468605051
      ],
      [
        0.06140526281163031,
        0.06140526281163031,
        0.030702631405815153,
        0.010234210468605051,
        0.0025585526171512628,
        0.0005117105234302526
      ],
      [
        0.020468420937210102,
        0.020468420937210102,
        0.010234210468605051,
        0.003411403489535017,
        0.0008528508723837543,
        0.00017057017447675085
      ],
      [
        0.0051171052343025256,
        0.0051171052343025256,
        0.0025585526171512628,
        0.0008528508723837543,
        0.00021321271809593857,
        4.264254361918771e-05
      ],
      [
        0.0010234210468605051,
        0.0010234210468605051,
        0.0005117105234302526,
        0.00017057017447675085,
        4.264254361918771e-05,
        8.528508723837543e-06
      ]
    ],
    "win_prob": "0.3132094828829337",
    "draw_prob": "0.27995682736869115",
    "lose_prob": "0.3132094828829337",
    "result": "miss"
  },
  "13": {
    "mandant": "america_mg",
    "visitant": "parana_clube",
    "winner": "visitant",
    "score": [
      0,
      1
    ],
    "round": "33",
    "date": "10/11/2018",
    "predictions": [
      [
        0.11322182325981524,
        0.11322182325981524,
        0.05661091162990762,
        0.018870303876635873,
        0.004717575969158968,
        0.0009435151938317936
      ],
      [
        0.11322182325981524,
        0.11322182325981524,
        0.05661091162990762,
        0.018870303876635873,
        0.004717575969158968,
        0.0009435151938317936
      ],
      [
        0.05661091162990762,
        0.05661091162990762,
        0.02830545581495381,
        0.009435151938317936,
        0.002358787984579484,
        0.0004717575969158968
      ],
      [
        0.018870303876635873,
        0.018870303876635873,
        0.009435151938317936,
        0.003145050646105979,
        0.0007862626615264947,
        0.00015725253230529894
      ],
      [
        0.004717575969158968,
        0.004717575969158968,
        0.002358787984579484,
        0.0007862626615264947,
        0.00019656566538162369,
        3.9313133076324735e-05
      ],
      [
        0.0009435151938317936,
        0.0009435151938317936,
        0.0004717575969158968,
        0.00015725253230529894,
        3.9313133076324735e-05,
        7.862626615264947e-06
      ]
    ],
    "win_prob": "0.2887549624456052",
    "draw_prob": "0.2580985812726872",
    "lose_prob": "0.2887549624456052",
    "result": "miss"
  },
  "14": {
    "mandant": "america_mg",
    "visitant": "santos",
    "winner": "mandant",
    "score": [
      2,
      1
    ],
    "round": "35",
    "date": "18/11/2018",
    "predictions": [
      [
        0.1327755674799713,
        0.1327755674799713,
        0.06638778373998565,
        0.022129261246661883,
        0.005532315311665471,
        0.0011064630623330942
      ],
      [
        0.1327755674799713,
        0.1327755674799713,
        0.06638778373998565,
        0.022129261246661883,
        0.005532315311665471,
        0.0011064630623330942
      ],
      [
        0.06638778373998565,
        0.06638778373998565,
        0.033193891869992824,
        0.011064630623330941,
        0.0027661576558327353,
        0.0005532315311665471
      ],
      [
        0.022129261246661883,
        0.022129261246661883,
        0.011064630623330941,
        0.0036882102077769804,
        0.0009220525519442451,
        0.00018441051038884903
      ],
      [
        0.005532315311665471,
        0.005532315311665471,
        0.0027661576558327353,
        0.0009220525519442451,
        0.00023051313798606128,
        4.610262759721226e-05
      ],
      [
        0.0011064630623330942,
        0.0011064630623330942,
        0.0005532315311665471,
        0.00018441051038884903,
        4.610262759721226e-05,
        9.220525519442451e-06
      ]
    ],
    "win_prob": "0.3386237997015239",
    "draw_prob": "0.3026729707012179",
    "lose_prob": "0.33862379970152395",
    "result": "miss"
  },
  "15": {
    "mandant": "america_mg",
    "visitant": "sao_paulo",
    "winner": "visitant",
    "score": [
      1,
      3
    ],
    "round": "7",
    "date": "27/05/2018",
    "predictions": [
      [
        0.11202090382769389,
        0.11202090382769389,
        0.056010451913846945,
        0.018670150637948982,
        0.0046675376594872454,
        0.0009335075318974491
      ],
      [
        0.11202090382769389,
        0.11202090382769389,
        0.056010451913846945,
        0.018670150637948982,
        0.0046675376594872454,
        0.0009335075318974491
      ],
      [
        0.056010451913846945,
        0.056010451913846945,
        0.028005225956923473,
        0.009335075318974491,
        0.0023337688297436227,
        0.00046675376594872457
      ],
      [
        0.018670150637948982,
        0.018670150637948982,
        0.009335075318974491,
        0.003111691772991497,
        0.0007779229432478742,
        0.00015558458864957484
      ],
      [
        0.0046675376594872454,
        0.0046675376594872454,
        0.0023337688297436227,
        0.0007779229432478742,
        0.00019448073581196856,
        3.889614716239371e-05
      ],
      [
        0.0009335075318974491,
        0.0009335075318974491,
        0.00046675376594872457,
        0.00015558458864957484,
        3.889614716239371e-05,
        7.779229432478742e-06
      ]
    ],
    "win_prob": "0.28569220090778186",
    "draw_prob": "0.25536098535054713",
    "lose_prob": "0.2856922009077818",
    "result": "miss"
  },
  "16": {
    "mandant": "america_mg",
    "visitant": "vasco",
    "winner": "mandant",
    "score": [
      2,
      1
    ],
    "round": "23",
    "date": "06/09/2018",
    "predictions": [
      [
        0.1267516981237808,
        0.1267516981237808,
        0.0633758490618904,
        0.02112528302063013,
        0.005281320755157533,
        0.0010562641510315066
      ],
      [
        0.1267516981237808,
        0.1267516981237808,
        0.0633758490618904,
        0.02112528302063013,
        0.005281320755157533,
        0.0010562641510315066
      ],
      [
        0.0633758490618904,
        0.0633758490618904,
        0.0316879245309452,
        0.010562641510315066,
        0.0026406603775787664,
        0.0005281320755157533
      ],
      [
        0.02112528302063013,
        0.02112528302063013,
        0.010562641510315066,
        0.0035208805034383553,
        0.0008802201258595888,
        0.00017604402517191776
      ],
      [
        0.005281320755157533,
        0.005281320755157533,
        0.0026406603775787664,
        0.0008802201258595888,
        0.0002200550314648972,
        4.401100629297944e-05
      ],
      [
        0.0010562641510315066,
        0.0010562641510315066,
        0.0005281320755157533,
        0.00017604402517191776,
        4.401100629297944e-05,
        8.802201258595889e-06
      ]
    ],
    "win_prob": "0.32326084122193394",
    "draw_prob": "0.2889410585146686",
    "lose_prob": "0.32326084122193394",
    "result": "hit"
  },
  "17": {
    "mandant": "america_mg",
    "visitant": "vitoria",
    "winner": "mandant",
    "score": [
      2,
      1
    ],
    "round": "3",
    "date": "30/04/2018",
    "predictions": [
      [
        0.05554498269121154,
        0.05554498269121154,
        0.02777249134560577,
        0.009257497115201923,
        0.0023143742788004807,
        0.00046287485576009614
      ],
      [
        0.05554498269121154,
        0.05554498269121154,
        0.02777249134560577,
        0.009257497115201923,
        0.0023143742788004807,
        0.00046287485576009614
      ],
      [
        0.02777249134560577,
        0.02777249134560577,
        0.013886245672802885,
        0.004628748557600961,
        0.0011571871394002403,
        0.00023143742788004807
      ],
      [
        0.009257497115201923,
        0.009257497115201923,
        0.004628748557600961,
        0.0015429161858669872,
        0.0003857290464667468,
        7.714580929334936e-05
      ],
      [
        0.0023143742788004807,
        0.0023143742788004807,
        0.0011571871394002403,
        0.0003857290464667468,
        9.64322616166867e-05,
        1.928645232333734e-05
      ],
      [
        0.00046287485576009614,
        0.00046287485576009614,
        0.00023143742788004807,
        7.714580929334936e-05,
        1.928645232333734e-05,
        3.857290464667468e-06
      ]
    ],
    "win_prob": "0.14165899231491275",
    "draw_prob": "0.12661941679317432",
    "lose_prob": "0.14165899231491275",
    "result": "hit"
  },
  "18": {
    "mandant": "atletico_mg",
    "visitant": "america_mg",
    "winner": "draw",
    "score": [
      0,
      0
    ],
    "round": "29",
    "date": "14/10/2018",
    "predictions": [
      [
        0.10642703479874457,
        0.10642703479874457,
        0.05321351739937229,
        0.017737839133124097,
        0.004434459783281024,
        0.0008868919566562048
      ],
      [
        0.10642703479874457,
        0.10642703479874457,
        0.05321351739937229,
        0.017737839133124097,
        0.004434459783281024,
        0.0008868919566562048
      ],
      [
        0.05321351739937229,
        0.05321351739937229,
        0.026606758699686144,
        0.008868919566562048,
        0.002217229891640512,
        0.0004434459783281024
      ],
      [
        0.017737839133124097,
        0.017737839133124097,
        0.008868919566562048,
        0.0029563065221873495,
        0.0007390766305468374,
        0.00014781532610936746
      ],
      [
        0.004434459783281024,
        0.004434459783281024,
        0.002217229891640512,
        0.0007390766305468374,
        0.00018476915763670934,
        3.6953831527341866e-05
      ],
      [
        0.0008868919566562048,
        0.0008868919566562048,
        0.0004434459783281024,
        0.00014781532610936746,
        3.6953831527341866e-05,
        7.390766305468373e-06
      ]
    ],
    "win_prob": "0.27142589256832605",
    "draw_prob": "0.2426092947433048",
    "lose_prob": "0.27142589256832605",
    "result": "miss"
  },
  "19": {
    "mandant": "atletico_mg",
    "visitant": "athletico_pr",
    "winner": "mandant",
    "score": [
      3,
      1
    ],
    "round": "24",
    "date": "10/09/2018",
    "predictions": [
      [
        0.1273767031484032,
        0.1273767031484032,
        0.0636883515742016,
        0.021229450524733864,
        0.005307362631183466,
        0.0010614725262366933
      ],
      [
        0.1273767031484032,
        0.1273767031484032,
        0.0636883515742016,
        0.021229450524733864,
        0.005307362631183466,
        0.0010614725262366933
      ],
      [
        0.0636883515742016,
        0.0636883515742016,
        0.0318441757871008,
        0.010614725262366932,
        0.002653681315591733,
        0.0005307362631183466
      ],
      [
        0.021229450524733864,
        0.021229450524733864,
        0.010614725262366932,
        0.0035382417541223107,
        0.0008845604385305777,
        0.00017691208770611553
      ],
      [
        0.005307362631183466,
        0.005307362631183466,
        0.002653681315591733,
        0.0008845604385305777,
        0.00022114010963264442,
        4.422802192652888e-05
      ],
      [
        0.0010614725262366933,
        0.0010614725262366933,
        0.0005307362631183466,
        0.00017691208770611553,
        4.422802192652888e-05,
        8.845604385305777e-06
      ]
    ],
    "win_prob": "0.32485482105035457",
    "draw_prob": "0.29036580955204744",
    "lose_prob": "0.3248548210503546",
    "result": "miss"
  },
  "20": {
    "mandant": "atletico_mg",
    "visitant": "bahia",
    "winner": "mandant",
    "score": [
      1,
      0
    ],
    "round": "35",
    "date": "17/11/2018",
    "predictions": [
      [
        0.1158631866866235,
        0.1158631866866235,
        0.05793159334331175,
        0.01931053111443725,
        0.0048276327786093125,
        0.0009655265557218625
      ],
      [
        0.1158631866866235,
        0.1158631866866235,
        0.05793159334331175,
        0.01931053111443725,
        0.0048276327786093125,
        0.0009655265557218625
      ],
      [
        0.05793159334331175,
        0.05793159334331175,
        0.028965796671655875,
        0.009655265557218625,
        0.0024138163893046563,
        0.00048276327786093124
      ],
      [
        0.01931053111443725,
        0.01931053111443725,
        0.009655265557218625,
        0.0032184218524062085,
        0.0008046054631015521,
        0.00016092109262031041
      ],
      [
        0.0048276327786093125,
        0.0048276327786093125,
        0.0024138163893046563,
        0.0008046054631015521,
        0.00020115136577538803,
        4.0230273155077604e-05
      ],
      [
        0.0009655265557218625,
        0.0009655265557218625,
        0.00048276327786093124,
        0.00016092109262031041,
        4.0230273155077604e-05,
        8.04605463101552e-06
      ]
    ],
    "win_prob": "0.29549135632404505",
    "draw_prob": "0.26411978931771546",
    "lose_prob": "0.2954913563240451",
    "result": "miss"
  },
  "21": {
    "mandant": "atletico_mg",
    "visitant": "botafogo",
    "winner": "mandant",
    "score": [
      1,
      0
    ],
    "round": "38",
    "date": "01/12/2018",
    "predictions": [
      [
        0.11083143467288475,
        0.11083143467288475,
        0.05541571733644238,
        0.018471905778814125,
        0.004617976444703531,
        0.0009235952889407063
      ],
      [
        0.11083143467288475,
        0.11083143467288475,
        0.05541571733644238,
        0.018471905778814125,
        0.004617976444703531,
        0.0009235952889407063
      ],
      [
        0.05541571733644238,
        0.05541571733644238,
        0.02770785866822119,
        0.009235952889407062,
        0.0023089882223517656,
        0.0004617976444703531
      ],
      [
        0.018471905778814125,
        0.018471905778814125,
        0.009235952889407062,
        0.0030786509631356876,
        0.0007696627407839219,
        0.00015393254815678438
      ],
      [
        0.004617976444703531,
        0.004617976444703531,
        0.0023089882223517656,
        0.0007696627407839219,
        0.00019241568519598047,
        3.8483137039196096e-05
      ],
      [
        0.0009235952889407063,
        0.0009235952889407063,
        0.0004617976444703531,
        0.00015393254815678438,
        3.8483137039196096e-05,
        7.69662740783922e-06
      ]
    ],
    "win_prob": "0.28265864155289533",
    "draw_prob": "0.2526494912897302",
    "lose_prob": "0.2826586415528953",
    "result": "hit"
  },
  "22": {
    "mandant": "atletico_mg",
    "visitant": "ceara",
    "winner": "mandant",
    "score": [
      2,
      1
    ],
    "round": "12",
    "date": "13/06/2018",
    "predictions": [
      [
        0.11224736891507077,
        0.11224736891507077,
        0.056123684457535385,
        0.01870789481917846,
        0.004676973704794615,
        0.0009353947409589231
      ],
      [
        0.11224736891507077,
        0.11224736891507077,
        0.056123684457535385,
        0.01870789481917846,
        0.004676973704794615,
        0.0009353947409589231
      ],
      [
        0.056123684457535385,
        0.056123684457535385,
        0.028061842228767692,
        0.00935394740958923,
        0.0023384868523973075,
        0.00046769737047946155
      ],
      [
        0.01870789481917846,
        0.01870789481917846,
        0.00935394740958923,
        0.003117982469863077,
        0.0007794956174657692,
        0.00015589912349315383
      ],
      [
        0.004676973704794615,
        0.004676973704794615,
        0.0023384868523973075,
        0.0007794956174657692,
        0.0001948739043664423,
        3.897478087328846e-05
      ],
      [
        0.0009353947409589231,
        0.0009353947409589231,
        0.00046769737047946155,
        0.00015589912349315383,
        3.897478087328846e-05,
        7.794956174657693e-06
      ]
    ],
    "win_prob": "0.2862697655143038",
    "draw_prob": "0.2558772313893134",
    "lose_prob": "0.2862697655143038",
    "result": "hit"
  },
  "23": {
    "mandant": "atletico_mg",
    "visitant": "chapecoense",
    "winner": "draw",
    "score": [
      3,
      3
    ],
    "round": "9",
    "date": "02/06/2018",
    "predictions": [
      [
        0.10186840832941613,
        0.10186840832941613,
        0.05093420416470806,
        0.01697806805490269,
        0.004244517013725672,
        0.0008489034027451344
      ],
      [
        0.10186840832941613,
        0.10186840832941613,
        0.05093420416470806,
        0.01697806805490269,
        0.004244517013725672,
        0.0008489034027451344
      ],
      [
        0.05093420416470806,
        0.05093420416470806,
        0.02546710208235403,
        0.008489034027451344,
        0.002122258506862836,
        0.0004244517013725672
      ],
      [
        0.01697806805490269,
        0.01697806805490269,
        0.008489034027451344,
        0.002829678009150448,
        0.000707419502287612,
        0.0001414839004575224
      ],
      [
        0.004244517013725672,
        0.004244517013725672,
        0.002122258506862836,
        0.000707419502287612,
        0.000176854875571903,
        3.53709751143806e-05
      ],
      [
        0.0008489034027451344,
        0.0008489034027451344,
        0.0004244517013725672,
        0.0001414839004575224,
        3.53709751143806e-05,
        7.07419502287612e-06
      ]
    ],
    "win_prob": "0.25979981221512544",
    "draw_prob": "0.23221752582093153",
    "lose_prob": "0.25979981221512544",
    "result": "miss"
  },
  "24": {
    "mandant": "atletico_mg",
    "visitant": "corinthians",
    "winner": "mandant",
    "score": [
      1,
      0
    ],
    "round": "3",
    "date": "29/04/2018",
    "predictions": [
      [
        0.05494691666620256,
        0.05494691666620256,
        0.02747345833310128,
        0.009157819444367093,
        0.002289454861091773,
        0.0004578909722183546
      ],
      [
        0.05494691666620256,
        0.05494691666620256,
        0.02747345833310128,
        0.009157819444367093,
        0.002289454861091773,
        0.0004578909722183546
      ],
      [
        0.02747345833310128,
        0.02747345833310128,
        0.01373672916655064,
        0.004578909722183546,
        0.0011447274305458866,
        0.0002289454861091773
      ],
      [
        0.009157819444367093,
        0.009157819444367093,
        0.004578909722183546,
        0.0015263032407278488,
        0.0003815758101819622,
        7.631516203639245e-05
      ],
      [
        0.002289454861091773,
        0.002289454861091773,
        0.0011447274305458866,
        0.0003815758101819622,
        9.539395254549055e-05,
        1.907879050909811e-05
      ],
      [
        0.0004578909722183546,
        0.0004578909722183546,
        0.0002289454861091773,
        7.631516203639245e-05,
        1.907879050909811e-05,
        3.815758101819622e-06
      ]
    ],
    "win_prob": "0.14013371628932567",
    "draw_prob": "0.1252560754503309",
    "lose_prob": "0.14013371628932567",
    "result": "hit"
  },
  "25": {
    "mandant": "atletico_mg",
    "visitant": "cruzeiro",
    "winner": "mandant",
    "score": [
      1,
      0
    ],
    "round": "6",
    "date": "19/05/2018",
    "predictions": [
      [
        0.13033045758783385,
        0.13033045758783385,
        0.06516522879391692,
        0.021721742931305642,
        0.005430435732826411,
        0.0010860871465652822
      ],
      [
        0.13033045758783385,
        0.13033045758783385,
        0.06516522879391692,
        0.021721742931305642,
        0.005430435732826411,
        0.0010860871465652822
      ],
      [
        0.06516522879391692,
        0.06516522879391692,
        0.03258261439695846,
        0.010860871465652821,
        0.0027152178664132053,
        0.0005430435732826411
      ],
      [
        0.021721742931305642,
        0.021721742931305642,
        0.010860871465652821,
        0.00362029048855094,
        0.000905072622137735,
        0.000181014524427547
      ],
      [
        0.005430435732826411,
        0.005430435732826411,
        0.0027152178664132053,
        0.000905072622137735,
        0.00022626815553443376,
        4.525363110688675e-05
      ],
      [
        0.0010860871465652822,
        0.0010860871465652822,
        0.0005430435732826411,
        0.000181014524427547,
        4.525363110688675e-05,
        9.05072622137735e-06
      ]
    ],
    "win_prob": "0.3323879204800832",
    "draw_prob": "0.29709913894293294",
    "lose_prob": "0.33238792048008325",
    "result": "miss"
  },
  "26": {
    "mandant": "atletico_mg",
    "visitant": "flamengo",
    "winner": "visitant",
    "score": [
      0,
      1
    ],
    "round": "7",
    "date": "26/05/2018",
    "predictions": [
      [
